Id,FanSpeed,MaterialSpeed,Heat,Quality
1,67,82,76,45
2,56,20,74,88
3,41,80,77,62
4,76,18,77,73
5,78,70,88,14
6,15,46,59,96
7,58,77,77,41
8,51,54,12,73
9,70,98,89,52
10,26,53,69,27
11,100,100,21,66
12,49,13,92,88
13,22,14,43,35
14,18,78,34,50
15,82,57,95,99
16,85,94,50,68
17,30,78,85,12
18,87,27,28,68
19,60,30,25,81
20,93,96,79,51
21,42,35,96,35
22,100,95,53,67
23,74,65,43,55
24,69,18,63,13
25,10,25,92,41
26,67,48,70,71
27,87,73,37,88
28,50,91,26,37
29,52,21,66,41
30,100,41,72,88
31,69,80,85,76
32,81,40,73,43
33,71,41,66,48
34,90,18,19,39
35,61,22,71,14
36,46,63,22,60
37,64,16,12,12
38,67,27,72,21
39,84,59,20,83
40,98,17,68,95
41,91,17,56,24
42,37,29,65,45
43,93,31,59,45
44,85,70,45,68
45,63,97,18,68
46,34,14,33,40
47,92,20,42,86
48,58,82,60,19
49,54,58,94,46
50,29,17,93,39
51,20,99,51,85
52,39,38,37,84
53,34,68,78,66
54,77,25,61,58
55,30,12,97,68
56,64,93,38,50
57,60,32,65,88
58,85,64,74,36
59,20,50,34,36
60,76,74,25,93
61,83,70,28,38
62,81,58,12,35
63,59,22,80,28
64,87,52,63,90
65,11,71,85,44
66,56,28,10,61
67,84,18,80,94
68,70,89,91,78
69,73,71,99,92
70,34,73,25,43
71,79,99,60,25
72,79,95,63,80
73,34,82,85,60
74,36,24,11,61
75,83,44,46,66
76,29,15,56,43
77,98,50,14,75
78,36,90,41,24
79,47,68,25,66
80,87,24,77,28
81,10,90,58,39
82,38,41,35,30
83,97,85,34,74
84,88,65,11,25
85,73,73,13,16
86,53,39,60,99
87,84,92,70,18
88,74,88,83,39
89,36,27,25,92
90,95,11,84,100
91,64,99,34,64
92,19,93,77,55
93,18,30,47,33
94,52,84,21,36
95,94,36,65,91
96,13,16,22,46
97,64,91,80,36
98,79,15,89,55
99,26,62,23,94
100,13,97,35,72
101,37,23,42,67
102,33,86,71,50
103,36,41,90,34
104,40,57,79,89
105,25,38,86,84
106,56,73,93,10
107,62,44,18,93
108,59,27,79,100
109,46,10,85,91
110,97,32,73,76
111,40,73,65,95
112,44,68,48,50
113,92,23,50,20
114,81,39,76,25
115,28,23,53,80
116,22,47,84,81
117,66,40,99,53
118,22,76,55,39
119,17,93,85,67
120,85,28,98,92
121,12,86,52,25
122,80,63,24,51
123,26,64,34,42
124,72,80,73,29
125,93,96,22,39
126,64,52,45,54
127,24,55,93,50
128,27,95,63,36
129,11,95,33,95
130,20,93,97,68
131,36,80,97,68
132,72,92,34,28
133,39,88,61,62
134,52,87,91,20
135,27,74,80,60
136,25,16,98,73
137,14,74,19,50
138,85,75,60,18
139,19,65,30,60
140,51,19,75,70
141,32,14,63,20
142,53,80,18,37
143,40,58,63,77
144,45,65,60,65
145,32,96,58,63
146,35,11,42,12
147,79,98,56,27
148,64,49,97,33
149,97,33,81,93
150,61,51,32,24
151,69,83,93,87
152,38,14,79,72
153,41,26,38,97
154,45,60,39,11
155,31,12,65,99
156,27,94,10,34
157,69,16,34,87
158,61,18,36,19
159,14,24,21,36
160,86,60,13,29
161,10,97,67,50
162,27,81,63,11
163,28,55,78,26
164,58,30,31,84
165,98,86,53,36
166,19,46,18,94
167,13,41,40,26
168,17,76,28,25
169,92,38,56,20
170,44,18,23,69
171,26,63,57,31
172,38,13,69,54
173,88,25,52,25
174,37,93,12,15
175,32,42,61,17
176,51,36,74,67
177,21,70,22,46
178,31,17,19,86
179,74,47,84,57
180,14,46,40,76
181,86,15,65,99
182,65,40,82,58
183,62,78,39,71
184,64,25,75,89
185,68,84,81,44
186,46,72,85,66
187,59,73,65,57
188,35,69,36,40
189,12,99,92,97
190,75,92,25,44
191,59,22,19,34
192,87,36,67,88
193,46,23,80,90
194,23,11,66,40
195,47,10,77,83
196,41,26,16,96
197,85,52,28,56
198,51,56,89,31
199,45,54,75,35
200,39,50,42,18
201,100,36,84,20
202,29,43,11,90
203,63,92,33,52
204,39,40,64,80
205,18,87,53,71
206,60,44,44,63
207,98,20,21,52
208,57,42,93,29
209,91,71,55,53
210,40,63,52,48
211,91,96,11,99
212,56,96,35,90
213,93,76,48,29
214,40,25,16,96
215,25,11,74,80
216,74,65,55,99
217,99,14,71,81
218,16,86,22,70
219,89,86,19,38
220,99,90,44,70
221,52,87,95,67
222,24,43,74,24
223,60,34,76,54
224,11,98,83,76
225,64,88,53,60
226,48,12,52,43
227,21,34,36,34
228,81,44,51,99
229,94,12,69,99
230,68,72,83,85
231,61,37,64,64
232,54,40,92,35
233,52,33,50,16
234,95,46,76,94
235,25,51,67,100
236,43,82,60,25
237,31,55,100,22
238,24,94,90,83
239,43,93,25,39
240,67,58,16,55
241,55,16,16,79
242,32,67,84,68
243,36,29,56,97
244,30,49,100,78
245,62,81,68,90
246,72,44,31,58
247,96,19,42,90
248,49,34,46,37
249,26,32,14,52
250,33,58,62,17
251,23,13,82,26
252,30,57,69,36
253,19,68,95,100
254,17,21,78,25
255,41,60,10,55
256,24,67,74,74
257,33,96,24,96
258,13,50,60,48
259,20,79,16,65
260,34,10,59,96
261,35,18,18,20
262,94,24,33,16
263,72,85,77,79
264,37,31,57,16
265,30,27,58,100
266,20,80,71,21
267,37,17,16,43
268,54,79,55,21
269,65,34,88,13
270,22,74,94,61
271,56,63,72,41
272,81,72,88,26
273,90,28,96,39
274,44,13,30,85
275,63,51,80,90
276,33,30,51,73
277,58,31,71,76
278,83,88,84,64
279,100,21,43,67
280,75,46,60,50
281,68,37,84,20
282,25,83,40,18
283,33,77,68,22
284,26,68,68,34
285,45,52,75,75
286,74,19,24,33
287,94,47,73,62
288,59,42,40,13
289,41,83,22,99
290,91,35,84,61
291,93,43,66,16
292,73,16,65,87
293,53,67,78,24
294,84,77,75,98
295,37,38,31,57
296,46,74,69,77
297,35,60,60,34
298,77,76,76,45
299,57,10,31,92
300,61,86,88,71
301,24,94,95,97
302,46,23,94,31
303,26,93,64,64
304,23,68,22,25
305,11,40,50,88
306,29,61,49,28
307,33,81,47,12
308,61,20,19,45
309,37,33,70,70
310,64,21,84,52
311,93,52,88,89
312,11,22,26,59
313,60,46,36,86
314,34,41,22,19
315,16,72,45,89
316,52,68,87,14
317,16,27,40,69
318,19,15,30,67
319,81,67,68,61
320,100,19,81,58
321,55,10,41,41
322,94,85,57,73
323,51,81,38,24
324,77,82,74,45
325,64,22,28,100
326,66,76,68,71
327,88,49,13,80
328,43,58,24,84
329,39,83,81,87
330,32,79,79,60
331,54,17,30,43
332,12,23,87,58
333,92,42,26,85
334,88,22,44,50
335,80,70,74,40
336,72,33,99,62
337,67,71,21,10
338,87,52,52,33
339,88,36,78,33
340,23,20,78,27
341,11,88,58,55
342,97,48,26,46
343,87,75,72,47
344,42,88,69,53
345,95,83,15,10
346,81,26,43,24
347,36,99,29,72
348,98,47,22,47
349,23,71,23,43
350,13,94,35,29
351,39,45,44,42
352,58,34,16,14
353,99,78,18,61
354,98,19,20,40
355,29,57,81,28
356,30,62,33,68
357,65,99,28,91
358,95,58,41,87
359,71,10,50,72
360,61,72,71,46
361,62,59,61,59
362,19,28,84,25
363,73,64,97,50
364,74,27,10,72
365,77,56,14,12
366,76,19,32,97
367,86,50,45,51
368,77,21,93,24
369,32,74,51,55
370,82,18,59,17
371,92,35,97,15
372,24,97,61,87
373,93,40,63,39
374,70,35,87,54
375,66,24,98,99
376,15,11,56,50
377,61,71,66,98
378,96,75,30,19
379,94,97,30,98
380,79,22,45,36
381,13,81,51,76
382,64,73,74,56
383,83,25,92,34
384,55,11,47,80
385,17,76,42,51
386,87,55,50,78
387,70,80,96,15
388,12,13,29,16
389,43,49,52,48
390,25,81,11,20
391,79,19,60,45
392,93,10,53,74
393,86,91,19,47
394,100,31,22,28
395,48,43,96,100
396,45,82,50,59
397,52,75,21,54
398,16,81,10,69
399,20,79,18,63
400,55,79,75,77
401,65,37,16,82
402,54,64,42,46
403,92,37,79,61
404,65,64,69,39
405,40,24,94,36
406,98,17,84,94
407,84,61,47,29
408,47,91,86,81
409,75,87,70,59
410,23,43,94,36
411,81,19,100,22
412,81,16,65,89
413,12,88,69,58
414,54,29,42,48
415,97,60,10,67
416,89,23,42,61
417,10,34,72,63
418,42,16,75,82
419,99,11,33,57
420,61,13,74,85
421,53,88,12,35
422,44,34,60,67
423,73,46,68,30
424,28,38,59,38
425,60,73,81,35
426,28,66,100,72
427,59,48,35,22
428,56,88,79,99
429,38,19,37,53
430,73,23,34,96
431,40,58,62,26
432,88,22,72,21
433,22,62,72,96
434,33,51,29,88
435,48,28,81,81
436,77,55,57,93
437,62,63,86,76
438,11,22,41,97
439,32,58,78,80
440,10,77,36,40
441,90,57,79,54
442,62,28,33,39
443,94,99,31,24
444,45,54,28,10
445,70,57,46,78
446,26,10,17,16
447,100,94,94,98
448,63,17,65,96
449,64,97,72,83
450,58,84,83,64
451,61,12,46,36
452,36,29,85,48
453,12,96,14,35
454,40,87,65,30
455,28,78,23,51
456,83,87,78,47
457,47,24,71,27
458,36,59,98,90
459,14,38,24,10
460,74,38,79,49
461,60,99,76,49
462,17,84,89,26
463,23,25,47,10
464,78,24,99,50
465,70,98,56,10
466,42,61,69,89
467,79,12,52,88
468,72,74,36,10
469,77,94,67,61
470,79,68,34,25
471,18,47,27,57
472,10,77,72,79
473,36,83,59,15
474,54,92,12,60
475,99,48,25,18
476,73,39,22,91
477,36,45,86,81
478,48,70,27,99
479,14,79,87,74
480,72,42,71,59
481,65,85,71,57
482,28,44,14,36
483,49,30,86,65
484,49,21,39,27
485,36,52,56,95
486,45,89,100,77
487,70,88,37,98
488,79,74,67,10
489,64,41,48,56
490,50,50,84,45
491,82,78,95,23
492,45,37,45,31
493,37,44,53,26
494,58,34,69,53
495,76,96,72,73
496,23,34,21,64
497,23,97,63,93
498,52,93,73,16
499,68,58,39,88
500,76,77,34,47
501,97,14,27,33
502,96,53,90,26
503,41,58,63,99
504,20,97,20,83
505,33,72,12,11
506,51,10,64,82
507,20,87,78,36
508,31,78,46,96
509,34,70,92,34
510,10,17,14,25
511,70,49,54,41
512,99,29,72,13
513,20,37,94,64
514,86,39,29,23
515,73,97,60,84
516,93,79,31,51
517,30,49,65,41
518,39,78,99,12
519,30,28,90,43
520,41,96,29,95
521,83,38,11,10
522,58,44,50,50
523,84,12,65,56
524,78,75,18,60
525,77,97,70,54
526,43,66,21,76
527,94,83,82,42
528,25,23,25,81
529,10,10,77,39
530,35,77,80,75
531,86,91,66,75
532,54,48,92,84
533,25,77,33,29
534,35,80,23,89
535,76,12,89,36
536,46,59,77,57
537,30,50,14,33
538,53,40,94,57
539,63,77,89,60
540,83,57,42,97
541,72,47,67,21
542,48,46,63,88
543,50,53,52,98
544,28,88,34,68
545,72,15,82,53
546,53,42,12,13
547,41,47,80,17
548,76,50,87,63
549,94,18,84,97
550,84,32,23,14
551,58,60,19,78
552,37,22,85,57
553,10,32,92,52
554,87,81,78,53
555,85,80,20,95
556,36,61,87,94
557,59,36,49,15
558,22,52,54,77
559,40,61,39,55
560,40,51,14,39
561,46,54,57,31
562,38,31,50,92
563,64,14,62,58
564,33,31,16,43
565,39,99,28,18
566,39,55,77,66
567,70,66,38,75
568,18,87,10,36
569,15,97,59,39
570,72,46,15,35
571,59,82,30,58
572,79,89,27,65
573,17,42,56,28
574,40,10,30,23
575,17,10,74,44
576,40,25,73,89
577,86,93,46,86
578,43,11,27,20
579,45,93,75,31
580,65,99,90,57
581,66,95,54,61
582,53,89,97,10
583,59,92,90,40
584,71,13,87,97
585,26,73,18,64
586,61,53,27,20
587,11,79,62,97
588,84,18,84,18
589,56,15,58,40
590,63,82,82,77
591,80,36,91,39
592,74,45,87,40
593,70,49,93,82
594,56,87,47,79
595,45,13,35,31
596,31,41,30,61
597,82,23,79,47
598,74,14,76,50
599,26,89,74,73
600,26,63,39,48
601,86,25,77,24
602,89,87,99,36
603,27,53,20,66
604,56,22,29,92
605,97,76,46,49
606,81,27,45,72
607,91,18,34,41
608,53,23,44,81
609,26,15,63,74
610,53,87,84,96
611,87,50,45,69
612,18,39,34,42
613,81,33,59,30
614,97,20,15,66
615,66,73,17,32
616,69,38,25,59
617,27,47,96,82
618,60,71,56,96
619,76,77,83,56
620,30,65,51,46
621,98,61,98,70
622,25,33,85,61
623,53,20,25,63
624,98,23,97,29
625,10,88,26,56
626,35,91,57,24
627,100,54,78,100
628,74,28,86,33
629,28,80,34,35
630,22,70,68,13
631,16,93,94,36
632,85,64,44,40
633,38,17,65,99
634,43,29,14,12
635,76,22,36,82
636,56,60,89,31
637,71,27,90,65
638,88,38,43,71
639,86,85,97,38
640,40,50,28,46
641,34,64,86,94
642,12,67,65,46
643,17,15,43,82
644,49,16,60,86
645,32,64,14,17
646,21,100,50,97
647,25,60,37,16
648,45,86,87,77
649,57,44,68,72
650,98,19,19,91
651,61,70,85,45
652,74,10,55,91
653,48,21,78,38
654,11,40,21,47
655,65,91,96,29
656,36,73,33,80
657,10,94,81,23
658,11,85,35,31
659,36,16,28,99
660,55,60,34,54
661,84,11,70,37
662,84,66,23,17
663,65,92,12,64
664,64,21,38,64
665,21,83,16,38
666,86,56,49,57
667,51,95,15,12
668,79,80,78,62
669,16,45,93,12
670,62,53,10,89
671,50,78,46,20
672,81,47,19,70
673,48,85,83,26
674,59,44,49,66
675,84,90,52,15
676,76,87,14,92
677,98,31,47,95
678,23,11,78,96
679,46,63,77,52
680,22,86,29,28
681,18,25,82,55
682,61,93,73,46
683,86,35,26,73
684,39,70,21,46
685,19,18,73,12
686,35,95,24,57
687,13,99,63,42
688,63,62,37,32
689,68,11,40,51
690,31,37,52,60
691,27,91,98,86
692,73,92,38,51
693,66,95,80,70
694,73,76,68,44
695,98,21,67,98
696,33,72,64,75
697,61,19,98,44
698,19,49,38,11
699,14,92,51,99
700,100,94,80,48
701,53,46,24,93
702,82,92,83,81
703,34,63,87,58
704,59,58,58,42
705,39,38,35,37
706,73,19,16,95
707,71,80,74,66
708,43,29,56,53
709,88,79,22,100
710,99,78,13,23
711,81,11,20,60
712,93,20,72,74
713,45,35,72,56
714,45,100,26,38
715,81,59,44,54
716,44,34,83,39
717,96,99,43,96
718,74,97,82,41
719,14,92,83,37
720,17,21,92,82
721,10,46,46,34
722,28,26,51,23
723,72,99,39,46
724,93,15,89,36
725,33,64,90,67
726,52,56,69,91
727,29,59,98,85
728,31,35,57,77
729,38,90,83,60
730,38,42,48,90
731,57,18,50,87
732,83,23,58,67
733,32,98,34,15
734,75,77,46,25
735,36,20,91,74
736,20,29,86,90
737,17,23,99,23
738,81,26,83,65
739,38,36,52,25
740,93,68,47,23
741,47,17,36,76
742,61,22,85,64
743,95,83,96,30
744,45,59,46,48
745,50,20,18,14
746,42,26,97,58
747,22,81,32,84
748,96,88,51,13
749,50,35,33,75
750,19,79,14,68
751,80,23,89,75
752,12,12,26,99
753,10,64,34,78
754,93,54,35,86
755,35,56,25,29
756,77,57,55,92
757,40,19,49,60
758,67,78,83,24
759,26,28,98,20
760,61,96,49,43
761,48,99,50,98
762,61,93,67,91
763,25,68,96,41
764,98,74,75,12
765,14,97,72,70
766,66,28,61,48
767,51,39,73,46
768,21,23,24,23
769,96,99,21,33
770,81,93,33,81
771,81,17,23,97
772,70,67,98,37
773,18,15,53,69
774,84,16,72,27
775,91,66,24,84
776,37,16,86,19
777,98,45,41,84
778,55,69,75,35
779,84,23,49,50
780,57,49,31,99
781,21,85,77,39
782,15,94,41,61
783,62,17,79,28
784,58,80,20,42
785,30,30,82,65
786,53,22,30,24
787,88,60,89,65
788,86,90,87,39
789,20,56,93,65
790,23,10,80,82
791,23,59,87,90
792,42,20,98,28
793,12,73,58,24
794,64,30,94,78
795,91,18,99,88
796,95,67,28,26
797,23,22,97,68
798,86,34,45,22
799,24,61,39,69
800,25,79,80,38
801,39,62,49,58
802,58,34,54,51
803,90,88,56,41
804,64,86,48,41
805,35,34,67,56
806,98,69,63,15
807,65,13,28,86
808,89,77,98,41
809,46,85,94,76
810,68,18,33,100
811,70,37,83,49
812,38,71,64,19
813,12,77,66,58
814,95,40,94,91
815,28,77,43,51
816,29,78,89,38
817,43,81,98,67
818,90,22,71,67
819,42,25,94,78
820,61,75,55,51
821,64,29,86,12
822,24,51,58,78
823,32,55,61,57
824,45,84,25,35
825,39,19,45,71
826,63,49,85,61
827,96,98,60,65
828,35,57,31,18
829,63,57,13,26
830,81,61,94,25
831,62,92,29,87
832,44,25,80,64
833,52,50,40,28
834,28,17,89,47
835,38,50,39,90
836,24,12,63,49
837,97,62,91,98
838,26,72,10,76
839,15,10,12,70
840,19,21,94,86
841,61,85,64,57
842,19,81,99,41
843,13,80,72,22
844,66,54,19,50
845,77,63,85,10
846,80,65,85,11
847,100,41,40,76
848,97,84,31,76
849,51,20,79,37
850,10,73,11,21
851,81,66,52,67
852,44,68,82,50
853,16,68,22,57
854,70,100,13,85
855,14,89,42,93
856,77,27,73,82
857,67,67,90,19
858,59,71,59,77
859,29,29,86,22
860,33,34,26,72
861,64,50,29,91
862,76,37,48,67
863,41,25,85,22
864,66,12,84,85
865,57,93,42,94
866,65,100,46,25
867,58,23,79,45
868,58,14,62,11
869,51,90,34,37
870,76,20,60,23
871,52,24,28,80
872,12,16,45,87
873,32,77,70,29
874,94,34,33,80
875,39,53,82,50
876,51,14,89,82
877,96,27,24,63
878,94,38,85,76
879,22,42,71,61
880,23,41,64,74
881,40,59,21,76
882,10,73,65,86
883,48,95,76,42
884,51,100,10,63
885,75,78,35,16
886,55,87,13,12
887,80,13,45,85
888,14,34,16,98
889,62,32,19,77
890,55,73,19,96
891,36,38,11,96
892,94,67,26,42
893,26,31,24,87
894,80,65,38,98
895,42,100,93,97
896,60,80,37,99
897,62,22,57,45
898,42,74,37,66
899,49,21,51,70
900,47,53,14,56
901,13,79,89,73
902,95,85,54,85
903,93,86,49,55
904,52,57,87,77
905,61,12,82,52
906,12,70,63,92
907,85,77,66,52
908,43,25,46,71
909,58,99,86,41
910,11,17,24,93
911,67,41,16,69
912,78,48,53,45
913,77,15,80,50
914,50,69,99,21
915,89,29,45,55
916,84,37,33,10
917,96,80,92,46
918,24,87,46,56
919,13,73,93,87
920,69,31,91,99
921,47,39,52,97
922,71,30,31,27
923,85,15,14,58
924,31,95,49,76
925,20,27,57,100
926,98,79,81,14
927,21,48,72,43
928,93,15,25,14
929,16,27,45,77
930,63,56,93,52
931,13,34,19,12
932,43,95,52,53
933,56,61,87,73
934,99,84,42,77
935,21,29,87,36
936,16,16,60,16
937,88,60,10,68
938,53,87,95,83
939,73,12,66,59
940,75,19,10,23
941,19,90,100,45
942,88,27,97,33
943,41,77,80,26
944,68,24,11,47
945,32,54,92,15
946,65,12,79,91
947,13,93,43,66
948,64,46,74,15
949,80,73,23,86
950,67,33,17,13
951,67,94,32,49
952,64,67,71,91
953,40,86,16,81
954,45,14,55,11
955,24,74,13,51
956,54,29,47,97
957,43,23,80,10
958,55,90,47,16
959,87,97,90,54
960,96,30,71,83
961,27,23,42,82
962,95,19,64,80
963,85,87,15,69
964,70,28,23,69
965,28,72,49,52
966,85,85,32,45
967,67,71,54,49
968,42,45,69,32
969,63,80,40,15
970,98,43,83,92
971,34,34,84,14
972,41,44,36,70
973,52,41,74,77
974,69,63,70,34
975,100,73,29,10
976,89,40,21,69
977,60,73,62,88
978,20,95,55,38
979,96,97,37,47
980,90,12,45,92
981,27,79,54,17
982,41,69,49,55
983,10,58,55,12
984,60,54,72,93
985,90,58,87,81
986,15,53,61,17
987,34,58,84,40
988,72,38,10,24
989,40,45,26,75
990,55,91,22,43
991,77,93,72,13
992,97,63,86,95
993,54,13,70,58
994,80,87,43,26
995,54,50,91,16
996,16,13,92,40
997,34,11,51,18
998,17,37,14,92
999,66,33,44,27
1000,47,43,66,43

